100
4
1332
4
9583
3
616
10
1029384756
90
757555546733536664776365476345674536454654766433534666357365745647753743563574774635577545
3
110
95
11010011000000110110010001000000100000101001001101001000110001000011110000110000110100000010101
95
78587575866568778875598785697879759769695675589768797997768998687888655867659686979857866975759
100
2657314305920508667084686708242776304957514891301282100791011354909604343845113954413912099259472678
92
90422750761885982430722313125724093021351576817593831211045862062350177210586156704139183900
95
95754566846864959876546775457599748979779878779595999545469478444757448779899798584446648449894
7
9000555
90
867887688887786676688867678676877887867686686667676778788668667788768868776877678867868776
100
4545766456355343756354563575375565734446653534433775443557665337557757677366756564677343573343537674
97
6455544444455666456554466564665446544546565544455454455554654544455455564664466654444555644644545
98
60065516561055126523100501441222540045641435506104243061436464205323055106526162441236245323510360
99
454554664534664456666356665345346365334455633346364635543355646353646346365564666643464343363565563
100
0987654321098765432109876543210987654321098765432109876543210987654321098765432109876543210987654321
99
654353356623334325463434345642426245633322652332355556542366535643346254625664323264343232533246346
94
0056211284430707563782766032251806265160471012582022511723131222845414025323731356885774588360
99
567667576979555558859775686768698868669788997989666579577655756979658655786767656957877659756697888
15
222229888888811
99
783739628328778555898698426639369945395575288347928429625665639958869836293787568729627443467254279
95
31112221321132323323211321131332221223122112233111323322323231223232212323223312122313211331323
92
32413215424256152544126464232445622610536046134464553156445364661214536004610260534003141153
98
56666666555556665655656666666665555655655655566666656566565656656565666656565556665566665565566666
95
44017638835623037646561026245355844723285430885743607678486664116647752672201620230364358705874
98
24222232434544235534554343535323234523243532552345234522555424542322544253254535355235352224354252
99
767724717431075751016603756638277486503425246782423241548748641121563186538718318817012717646061368
93
103143515337005818045277114720133026123835611034002545078806312030766440781683715146431230408
98
66567456744576574575665676757757546567576546445647647645575447444456657454644566454765566646544747
99
741322201611612240445716747107210312417140403673050476541440171726337171276761465717042500216522050
96
144735133767636473641064464121662035524140450164057440041021602307070375146655775246165173116317
95
33333334444343433433343343433333443444433343333443434343443343344344334343433344444444434443334
95
75885967789698986877677965787597685685589557855887987779979996795596997556876996767879777778687
100
9999999999999999999999999999999999999999999999999999999999999999999999999999999999999999999999999999
96
622222330661631430313016146614105536250545550034324335056013314253623251400041450243106633104150
100
5655555665665556566656666555655556656566566566655555665566565555566565665666556666666656556665556665
94
7199283673669141559264635684442952942233655548385774711449848812253383756587189624274114558393
3
211
100
0000000000111111111122222222223333333333444444444444444444443333333333222222222211111111110000000000
91
6656656656566666655556555666655655555565665656556566666555656665565666656655566665656565555
96
661231461144543251266315353442446333443616222114231226412653533154441644313113623625322232635265
94
4332014441233301201431341242223302034033234423444243212314444241420110132123120243222402211232
92
77766766766677767766666666776666666667766766776777766666677666667767777667667677667666766667
100
4666666444465564665656456544444466445546466644445564445555546556456665444465655556554656445556554666
3
112
100
7556766557775555757557567765677576566576666577575577577665676677567565576655775666777556557676756767
96
485884554778657734634345533575436487587668366778737743868368755835883738867634774437336658773583
95
81761451666538328758847771223112885341776828468758452271242886235335756133753828463111382175362
94
7732841122331175888725823546848736568452768675818612633387854237583852637732272855355378347538
95
11421315264643624546133433651662261535654613555535136542461225246644135166446316422332524253233
2
01
91
0300034414041043133202101130114020403144000402432402311402142043131000404312323323203332113
3
011
100
2112121212122211211222221121121111122111111222212121112221122222222122122211122122112122221122212221
99
595597569898768685985669986696596757569778779888978976695867555995658876686568778595889769689968969
100
4939647766273289619997112244811255217789229273439984983856645899868151768238961448933232826538466416
94
1122211122111212121112212111111121211212212211211222212112121221212112122221212122222222111211
100
0000000000000000000000000000000000000000000000000000000000000000000000000000000000000000000000000000
2
00
94
8668687688667777686688867677866687668676767776888776676687668678878866866868768668776677788678
95
55556565665566655555566655565555665565565655565666565656665665565665665665665655555556665556656
94
6455365445433544553663353444633434454655466455463335343634435634345666654555543363553334446566
95
26255362352277236264432677273476672365245345442743344264275265524465534645445224545644446663575
96
452333454244224525234453223335422443442344443234533524554232244442242443442533454424342524533222
99
455535445454553443544444555355434344433543343355443343355445343434534353353435533434453334545445354
97
5775457365653445446544476464735344576543574667453565666335336377347743643774543533535473635366554
100
5629972525784563115838835652174646491374928976817398771943932193737272661141327846652663381641133364
91
2427333721331424210221560052317661577757704216646030024460073110521240725355406512570174527
100
7787788777878887888778878888787877788777778878778778877877778878877777787788888787787878877888778778
93
887878787787777887788877887888777778887788787787878888787778877777788777887877877788778788787
100
0123456789012345678901234567890123456789012345678901234567890123456789012345678901234567890123456789
92
23252376552744572635772666672652726763633675456657272636636377567363546356425435356775676325
95
55465454456555466655444666546554466446545655556464444566644656646454655645454555546645454564566
97
3242342333432323344243423233323434234333342332432434444244243344233233433322334242342332223433342
95
97627815165936798113347527752241864636242376291321437328592137791218924427414691377138827919842
99
364443663436373777336664467345637664366564463463667773537766335447435746336556736356765365453647574
92
56555666666566566666665566655656655655665656555565555665666555666655556565655666665665655656
98
12420430013103004112332453542531254304141410335034014040411553222040454314225320114321142252345250
96
666655555656777756766675667657766676565575767557755675755557766766576667775666756575577567775677
90
451504423425103331210245140131344033251514133015321124401013122255051010112410231151542431
100
1103323433212302231330140444130014004424423111203124410040224434320310421442023314212333102434124332
90
899998988999888988999989988888999989989899898888988988888989888899899899899989999989999988
92
43646357637655654764446575537563544346643637537436635356377756345343743377553757774535643475
97
7555467574776557674744766644476764767777576667474655655577645755475746565676744667776546744745746
2
10
93
628888186324246555877867542462378356447872542634326884648463475546338678458357635251267644388
97
9468845555769899975889547694987669996996649584786445546666747986774576845685974555678758654894578
92
89998889998888989899889988888989888989989889989889889889889988889988888998888899889899989998
100
5536568787841783277382654521281258764233718635861954394738637832514737597151476185469357677433636869
5
19091
3
001
100
3225525252545332224242422323454452322555335344324223242453423534353225425442233534254434254324535544
98
01151143242013563616320410431145410605534435360002001115004116613620360006231134045122645011601400
100
6464474456578665446685688565777858578668648446674677865676667788877564866748747866764885846744677855
100
6625466355564526542265464323666526234662462435534345624436522565223254256645322625462443243245436363
99
645655644554546666645566555555564546666444564646666466645464465554445564666556545644666544555644465
91
4424234444233433222332422443323334442342222332343232244424333432442243433343232432423423222
98
67424630638918074093734261157281145508929211220961701375207220611683928237673744542584180061942003
