100
2 1
2 2
3 1
3 2
10 5
100 1
100 100
100 50
84 70
94 16
99 20
82 44
90 57
81 49
85 22
83 48
80 9
80 30
98 92
85 85
92 58
88 55
99 43
85 28
100 54
89 4
90 71
96 50
96 44
94 49
93 45
89 11
98 46
90 5
94 18
81 51
90 88
98 8
90 6
84 47
98 84
89 73
86 19
81 61
81 68
86 27
85 53
95 22
89 75
89 80
80 51
89 2
99 61
94 26
91 24
88 47
88 81
88 43
97 15
86 59
84 24
100 83
89 43
92 59
94 84
87 65
92 20
96 82
96 88
85 8
86 54
95 44
92 66
91 8
87 8
86 8
92 55
93 38
90 37
96 36
81 72
91 10
80 21
90 77
83 41
91 60
100 18
82 32
89 15
89 16
90 16
80 79
92 74
96 29
98 59
97 27
90 34
99 26
88 22
94 53
